-1200.00000 2.99767
-1000.00000 5.14514
-1450.00000 7.34813
-1050.00000 9.49244
-1300.00000 11.60990
-1050.00000 13.68670
-850.00000 15.77658
-1500.00000 17.92429
-950.00000 20.01818
-1300.00000 22.17787
-600.00000 24.24824
-1250.00000 26.31319
-1000.00000 28.50599
-1000.00000 30.56585
-950.00000 32.66368
-1400.00000 34.80090
-700.00000 36.92027
-850.00000 39.06546
-1050.00000 41.22031
-1050.00000 43.27919
-1000.00000 45.44888
-800.00000 47.49441
-700.00000 49.57276
-550.00000 51.76926
-800.00000 53.86236
-600.00000 55.88270
-600.00000 57.99952
-500.00000 60.13843
-550.00000 62.19393
-650.00000 64.29595
-450.00000 66.41274
-450.00000 68.52709
-450.00000 70.62391
-450.00000 72.73793
-300.00000 74.91445
-500.00000 77.03426
-200.00000 79.14235
-250.00000 81.26805
-350.00000 83.30021
-100.00000 85.33875
-200.00000 87.52222
-250.00000 89.60474
-400.00000 91.60803
-350.00000 93.65964
-250.00000 95.74329
-400.00000 97.90283
100.00000 99.99482
-250.00000 102.06901
0.00000 104.15328
150.00000 106.23631
-150.00000 108.40615
-250.00000 110.49543
100.00000 112.55667
-100.00000 114.64382
-50.00000 116.74433
0.00000 118.75921
-50.00000 120.90117
-100.00000 122.99753
100.00000 125.00031
-150.00000 127.06655
-50.00000 129.22720
250.00000 131.31105
200.00000 133.48005
0.00000 135.58448
100.00000 137.69862
0.00000 139.79409
250.00000 141.89430
50.00000 143.99244
-100.00000 146.03018
-100.00000 148.11394
200.00000 150.21215
350.00000 152.29384
250.00000 154.38526
200.00000 156.55876
100.00000 158.64050
350.00000 160.71818
100.00000 162.75716
250.00000 164.82714
300.00000 167.00297
250.00000 169.07451
200.00000 171.22145
150.00000 173.33090
150.00000 175.41042
250.00000 177.42965
300.00000 179.52776
300.00000 181.58036
300.00000 183.57508
300.00000 185.59179
350.00000 187.58022
300.00000 189.71786
250.00000 191.75630
500.00000 193.76009
400.00000 195.75857
400.00000 197.78294
250.00000 199.85985
400.00000 201.94632
350.00000 203.98442
350.00000 206.05015
500.00000 208.11407
350.00000 210.18785
400.00000 212.34247
450.00000 214.40607
400.00000 216.47880
200.00000 218.50359
500.00000 220.50071
550.00000 222.54189
500.00000 224.63053
500.00000 226.62484
550.00000 228.62581
500.00000 230.59964
450.00000 232.59816
550.00000 234.65738
450.00000 236.64434
550.00000 238.67100
550.00000 240.75114
500.00000 242.72819
600.00000 244.71653
600.00000 246.78756
600.00000 248.84980
450.00000 250.89652
550.00000 252.98752
500.00000 255.04399
550.00000 257.12404
550.00000 259.14389
650.00000 261.21562
650.00000 263.25896
600.00000 265.29380
550.00000 267.34407
750.00000 269.44593
600.00000 271.49614
650.00000 273.50165
600.00000 275.55879
600.00000 277.58797
600.00000 279.71989
650.00000 281.78651
600.00000 283.84424
700.00000 285.86201
700.00000 287.92437
600.00000 289.96665
700.00000 292.16623
600.00000 294.24980
700.00000 296.29128
700.00000 298.35673
650.00000 300.58644
550.00000 303.42980
600.00000 306.28493
550.00000 309.25449
750.00000 312.08940
650.00000 313.86402
600.00000 315.65544
650.00000 317.49703
600.00000 319.26972
600.00000 321.00526
700.00000 322.68779
750.00000 324.39441
600.00000 326.22401
750.00000 327.97561
600.00000 329.73190
650.00000 331.44492
700.00000 333.21798
700.00000 335.00131
700.00000 336.70862
650.00000 338.42524
750.00000 340.16709
700.00000 341.91081
650.00000 343.59234
700.00000 345.42029
700.00000 347.16059
700.00000 348.92204
700.00000 350.69133
700.00000 352.45274
700.00000 354.21086
700.00000 355.98816
700.00000 357.75714
750.00000 359.52171
700.00000 361.23693
700.00000 362.93356
750.00000 364.75731
700.00000 366.51495
600.00000 368.28311
650.00000 370.05069
700.00000 371.79828
750.00000 373.54280
700.00000 375.38497
700.00000 377.14735
700.00000 378.90813
750.00000 380.66094
750.00000 382.41789
650.00000 384.20638
700.00000 385.98570
750.00000 387.75389
700.00000 389.92915
700.00000 392.29957
750.00000 394.44613
700.00000 396.59633
700.00000 398.64046
700.00000 400.64609
700.00000 402.80867
700.00000 404.98777
750.00000 407.18384
750.00000 409.35924
700.00000 411.72729
700.00000 413.85972
700.00000 416.05519
750.00000 418.18602
750.00000 420.37175
700.00000 422.42264
700.00000 424.58387
750.00000 426.77926
700.00000 428.92121
700.00000 431.17118
750.00000 433.24702
650.00000 435.22197
650.00000 437.25180
750.00000 439.20710
750.00000 441.26846
750.00000 443.40327
750.00000 445.36885
650.00000 447.41049
750.00000 449.49102
700.00000 451.59745
700.00000 453.70388
750.00000 455.72030
750.00000 457.90586
750.00000 459.96557
750.00000 462.06994
700.00000 464.14098
700.00000 466.31336
750.00000 468.50930
700.00000 470.57109
750.00000 472.60450
750.00000 474.65573
750.00000 476.78881
750.00000 478.80620
750.00000 480.89847
700.00000 482.96315
750.00000 485.04473
700.00000 487.08971
750.00000 489.23298
700.00000 491.28237
700.00000 493.34108
750.00000 495.37593
750.00000 497.58076
